0 abc_0.jpg 416 416 10 10 20 20 0 40 50 70 90 1
1 abc_10.jpg 416 416 10 10 20 20 0 40 50 70 90 1
2 abc_20.jpg 416 416 10 10 20 20 0 40 50 70 90 1
3 abc_30.jpg 416 416 10 10 20 20 0 40 50 70 90 1
4 abc_40.jpg 416 416 10 10 20 20 0 40 50 70 90 1
5 abc_50.jpg 416 416 10 10 20 20 0 40 50 70 90 1
6 abc_60.jpg 416 416 10 10 20 20 0 40 50 70 90 1
7 abc_70.jpg 416 416 10 10 20 20 0 40 50 70 90 1
8 abc_80.jpg 416 416 10 10 20 20 0 40 50 70 90 1
9 abc_90.jpg 416 416 10 10 20 20 0 40 50 70 90 1
10 abc_100.jpg 416 416 10 10 20 20 0 40 50 70 90 1
11 abc_110.jpg 416 416 10 10 20 20 0 40 50 70 90 1
12 abc_120.jpg 416 416 10 10 20 20 0 40 50 70 90 1
13 abc_130.jpg 416 416 10 10 20 20 0 40 50 70 90 1
14 abc_140.jpg 416 416 10 10 20 20 0 40 50 70 90 1
15 abc_150.jpg 416 416 10 10 20 20 0 40 50 70 90 1
16 abc_160.jpg 416 416 10 10 20 20 0 40 50 70 90 1
17 abc_170.jpg 416 416 10 10 20 20 0 40 50 70 90 1
18 abc_180.jpg 416 416 10 10 20 20 0 40 50 70 90 1
19 abc_190.jpg 416 416 10 10 20 20 0 40 50 70 90 1
20 abc_200.jpg 416 416 10 10 20 20 0 40 50 70 90 1
21 abc_210.jpg 416 416 10 10 20 20 0 40 50 70 90 1
22 abc_220.jpg 416 416 10 10 20 20 0 40 50 70 90 1
23 abc_230.jpg 416 416 10 10 20 20 0 40 50 70 90 1
24 abc_240.jpg 416 416 10 10 20 20 0 40 50 70 90 1
25 abc_250.jpg 416 416 10 10 20 20 0 40 50 70 90 1
26 abc_260.jpg 416 416 10 10 20 20 0 40 50 70 90 1
27 abc_270.jpg 416 416 10 10 20 20 0 40 50 70 90 1
28 abc_280.jpg 416 416 10 10 20 20 0 40 50 70 90 1
29 abc_290.jpg 416 416 10 10 20 20 0 40 50 70 90 1
30 abc_300.jpg 416 416 10 10 20 20 0 40 50 70 90 1
31 abc_310.jpg 416 416 10 10 20 20 0 40 50 70 90 1
32 abc_320.jpg 416 416 10 10 20 20 0 40 50 70 90 1
33 abc_330.jpg 416 416 10 10 20 20 0 40 50 70 90 1
34 abc_340.jpg 416 416 10 10 20 20 0 40 50 70 90 1
35 abc_350.jpg 416 416 10 10 20 20 0 40 50 70 90 1
36 abc_360.jpg 416 416 10 10 20 20 0 40 50 70 90 1
37 abc_370.jpg 416 416 10 10 20 20 0 40 50 70 90 1
38 abc_380.jpg 416 416 10 10 20 20 0 40 50 70 90 1
39 abc_390.jpg 416 416 10 10 20 20 0 40 50 70 90 1
40 abc_400.jpg 416 416 10 10 20 20 0 40 50 70 90 1
41 abc_410.jpg 416 416 10 10 20 20 0 40 50 70 90 1
42 abc_420.jpg 416 416 10 10 20 20 0 40 50 70 90 1
43 abc_430.jpg 416 416 10 10 20 20 0 40 50 70 90 1
44 abc_440.jpg 416 416 10 10 20 20 0 40 50 70 90 1
45 abc_450.jpg 416 416 10 10 20 20 0 40 50 70 90 1
46 abc_460.jpg 416 416 10 10 20 20 0 40 50 70 90 1
47 abc_470.jpg 416 416 10 10 20 20 0 40 50 70 90 1
48 abc_480.jpg 416 416 10 10 20 20 0 40 50 70 90 1
49 abc_490.jpg 416 416 10 10 20 20 0 40 50 70 90 1
50 abc_500.jpg 416 416 10 10 20 20 0 40 50 70 90 1
51 abc_510.jpg 416 416 10 10 20 20 0 40 50 70 90 1
52 abc_520.jpg 416 416 10 10 20 20 0 40 50 70 90 1
53 abc_530.jpg 416 416 10 10 20 20 0 40 50 70 90 1
54 abc_540.jpg 416 416 10 10 20 20 0 40 50 70 90 1
55 abc_550.jpg 416 416 10 10 20 20 0 40 50 70 90 1
56 abc_560.jpg 416 416 10 10 20 20 0 40 50 70 90 1
57 abc_570.jpg 416 416 10 10 20 20 0 40 50 70 90 1
58 abc_580.jpg 416 416 10 10 20 20 0 40 50 70 90 1
59 abc_590.jpg 416 416 10 10 20 20 0 40 50 70 90 1
60 abc_600.jpg 416 416 10 10 20 20 0 40 50 70 90 1
61 abc_610.jpg 416 416 10 10 20 20 0 40 50 70 90 1
62 abc_620.jpg 416 416 10 10 20 20 0 40 50 70 90 1
63 abc_630.jpg 416 416 10 10 20 20 0 40 50 70 90 1
64 abc_640.jpg 416 416 10 10 20 20 0 40 50 70 90 1
65 abc_650.jpg 416 416 10 10 20 20 0 40 50 70 90 1
66 abc_660.jpg 416 416 10 10 20 20 0 40 50 70 90 1
67 abc_670.jpg 416 416 10 10 20 20 0 40 50 70 90 1
68 abc_680.jpg 416 416 10 10 20 20 0 40 50 70 90 1
69 abc_690.jpg 416 416 10 10 20 20 0 40 50 70 90 1
70 abc_700.jpg 416 416 10 10 20 20 0 40 50 70 90 1
71 abc_710.jpg 416 416 10 10 20 20 0 40 50 70 90 1
72 abc_720.jpg 416 416 10 10 20 20 0 40 50 70 90 1
73 abc_730.jpg 416 416 10 10 20 20 0 40 50 70 90 1
74 abc_740.jpg 416 416 10 10 20 20 0 40 50 70 90 1
75 abc_750.jpg 416 416 10 10 20 20 0 40 50 70 90 1
76 abc_760.jpg 416 416 10 10 20 20 0 40 50 70 90 1
77 abc_770.jpg 416 416 10 10 20 20 0 40 50 70 90 1
78 abc_780.jpg 416 416 10 10 20 20 0 40 50 70 90 1
79 abc_790.jpg 416 416 10 10 20 20 0 40 50 70 90 1
80 abc_800.jpg 416 416 10 10 20 20 0 40 50 70 90 1
81 abc_810.jpg 416 416 10 10 20 20 0 40 50 70 90 1
82 abc_820.jpg 416 416 10 10 20 20 0 40 50 70 90 1
83 abc_830.jpg 416 416 10 10 20 20 0 40 50 70 90 1
84 abc_840.jpg 416 416 10 10 20 20 0 40 50 70 90 1
85 abc_850.jpg 416 416 10 10 20 20 0 40 50 70 90 1
86 abc_860.jpg 416 416 10 10 20 20 0 40 50 70 90 1
87 abc_870.jpg 416 416 10 10 20 20 0 40 50 70 90 1
88 abc_880.jpg 416 416 10 10 20 20 0 40 50 70 90 1
89 abc_890.jpg 416 416 10 10 20 20 0 40 50 70 90 1
90 abc_900.jpg 416 416 10 10 20 20 0 40 50 70 90 1
91 abc_910.jpg 416 416 10 10 20 20 0 40 50 70 90 1
92 abc_920.jpg 416 416 10 10 20 20 0 40 50 70 90 1
93 abc_930.jpg 416 416 10 10 20 20 0 40 50 70 90 1
94 abc_940.jpg 416 416 10 10 20 20 0 40 50 70 90 1
95 abc_950.jpg 416 416 10 10 20 20 0 40 50 70 90 1
96 abc_960.jpg 416 416 10 10 20 20 0 40 50 70 90 1
97 abc_970.jpg 416 416 10 10 20 20 0 40 50 70 90 1
98 abc_980.jpg 416 416 10 10 20 20 0 40 50 70 90 1
99 abc_990.jpg 416 416 10 10 20 20 0 40 50 70 90 1
